Pages couleur :

0,			1
13,			2
17,			3
21, 22,			4
24,			5
25,			6
27,			7
29,30,			8
31, 32,			9
33,			10
38,			11
39,			12
41, 42,			13
43, 44,			14
45,			15
47, 48,			16
49,			17
52, 53,			18
56,			19
57, 58,			20
59, 60,			21
61, 62,			22
63, 64,			23
65,			24
67,			25
71, 72,			26
74,			27
77, 78,			28
80, 81,			29
82, 83,			30
85,			31
88,			32
89,			33
95,			34
97,			35
99,			36
101, 102,		37
107,			38
111, 112,		39
113,			40
115,			41
117, 118,		42
122, 123,		43
128, 129,		44
133,			45
135,			46
137,			47
139, 140,		48
141,			49
143, 144,		50
146,			51
147, 148,		52
149,			53
151,			54
153,			55
155,			56
157, 158,		57
159,			58
165,			59
173,			60
175,			61
178 			62

PSL version : back cover 63